995992275494656733742906198356655816683078342298628625833619589413310028104816545334166403067105283187878282171111776333645682659100000000000000000000000000000000000000000000000000000000000000000000000000000000000000000000000000000000000000000000000000000
51709157036489312519018532339125254212164706689340157519210497093205745802723829253739972349379846993208880456542385753396052285
5000000000000000000000000000000000000000000000000000000000000000000000000000000000000000000000000000000000000000000000000000000
5000000000000000000000000000000000000000000000000000000000000000000000000000000000000000000000000000000000000000000000000000000

218603446431371561720221686129806520151505926483650308555627328136869057999233384125347829869177275611321634875933246795573740110000000000000000000000000000000000000000000000000000000000000000000000000000000000000000000000000000000000000000000000000000000
218603446431371561720221686129806520151505926483650308555627328136869057999233384125347829869177275611321634875933246795573740110000000000000000000000000000000000000000000000000000000000000000000000000000000000000000000000000000000000000000000000000000000

1000000000000000000000000000000000000000000000000000000000000000000000000000000000000000000000000000000000000000000000000000000000000000000000000000000000000000000000000000000000000000000000000000000000000000000000000000000000000000000000000000000000000000
1000000000000000000000000000000000000000000000000000000000000000000000000000000000000000000000000000000000000000000000000000000000000000000000000000000000000000000000000000000000000000000000000000000000000000000000000000000000000000000000000000000000000000

50000000000000000000000000000000000000000000000000000000000000000000000000000000000000000000000000000000000000000000000000000000
5000000000000000000000000000000000000000000000000000000000000000000000000000000000000000000000000000000000000000000000000000000


66136664061734462853048349541752956260233726260881469979889870678593750645538931159008091829107584200510769677215090717171252237
257170496094972882978046791651774833135627282385907870196204314417957323604117528290516040319435324098891264495770215659320482335


2188439615226476638836769940704464543259372722825566722119286210579451938445932947771033149677560863180187271220042168987014137250
218843961522647663883676994070446454325937272282556672211928621057945193844593294777103314967756086318020648528269865993107947748

3.14159265358979323846264338327950288419716939937510582097494459230781640628620899862803482534211706798214808651328230664709384460955058223172535940812848111745028410270193852110555964462294895493038196
3.14159265358979323846264338327950288419716939937510582097494459230781640628620899862803482534211706798214808651328230664709433734909135800979508625841005366916507521010261862451951464495528768512016114762553048852358624467863046318513746718306677063457328
3.141592653589793238462643383279502884197169399375105820974944592307816406286208998628034825342117067982148086513282306647095081594580504501251775248854348394179780219639334677184993965696982039979820456000622974130043703390921332924521099435576996799799517
3.141592653589793238462643383279502884197169399375105820974944592307816406286208998628034825342117067982148086513282306647096256315671910090811964308391056302756234504683327203881802017768090398278116886913152405893299912406509119907207220492932764643329408
3.141592653589793238462643383279502884197169399375105820974944592307816406286208998628034825342117067982148086513282306647093826409
3.141592653589793238462643383279502884197169399375105820974944592307816406286208998628034825342117067982148086513282306647093824650873412476939379004694147011090284154173642982925608728188924051684510320597046971898399711303722257691654686612015153124883872
3.141592653589793238462643383279502884197169399375105820974944592307816406286208998628034825342117067982120503957351925569470427502233625638745561209345220002939634256728772461494549040839597367423030263680047267588530481681937476948302385946011380309744750
3.141592653589793238462643383279502884197169399375105820974944592307816406286208998628034825342117067982120503957351925569470427502233625638745561209345220002939634256728772461494549040839597367423030263680047267588530481681937476948302385946011380309744750
3141592653589793238462643383279502884197169399375105820974944592307816406286208998628034825342117067982148086513282306647093824650873412476939379004694147011090284154173642982925608728188924051684510320597046971898399711303722257691654686612015153124883872

42893218813452475599155637895150960715164062311525963411660131004633760768946480574806232836179213632493076884543851487537582
428932188134524755991556378951509607151640623115259634116601310046337607689464805748062328361792136324930768845438514875375820

160199024746210211391081643820706240733597944017837559782605158391269779219459388075974277369806520440113542280531095472896
1601990247462102113910816438207062407335979440178375597826051583912697792194593880759742773698065204401135422805310954728880
1117337688787309526581850608540703699967396465924017282944153391764175807853205365101477162762071283015127824170045960
11173376887873095265818506085407036999673964659240172829441533917641758078532053651014771627620712830151278241700459560
27177131331494387891622870578627860747305367875031189438080721803886280457242725603469222016134337230240288
271771313314943878916228705786278607473053678750311894380807218038862804572427256034692220161343372302402736
8039183600363962872365750306030178772144780941305059116874035257045917058894064824992
80391836003639628723657503060301787721447809413050591168740352570459170588940648249856
351721259757653514691083893344924170628864
3517212597576535146910838933449241706288640
128
256
0
256

1536